Items,milk,bread,butter,beer,wine,diapers
milk,10000,8758,5241,300,215,753
bread,8758,9562,8865,427,322,353
butter,5241,8865,11753,310,447,114
beer,300,427,310,12985,10115,9173
wine,215,322,447,10115,7825,228
diapers,753,353,114,9173,228,18105
